>>> ENTER BENCHMARK <<<
ML-KEM-1024
Running on a Pi!
Starting Benchmarks for: ML-KEM-1024
Buffer Address: 0x36521
Confirmed: Buffer is NOT 4-byte aligned.
overhead: 12
Iteration, Keypair cycles, Keypair stack, Keypair read cache miss, Keypair write cache miss, Encaps cycles, Encaps stack, Encaps read cache miss, Encaps write cache miss, Decaps cycles, Decaps stack, Decaps read cache miss, Decaps write cache miss
0, 	2506478, 	15400, 	2821, 	2820, 	2671544, 	19048, 	3014, 	3014, 	3131245, 	20600, 	660, 	660
1, 	2396428, 	15400, 	323, 	323, 	2673541, 	19048, 	249, 	249, 	3088483, 	20600, 	398, 	398
2, 	2397389, 	15400, 	327, 	327, 	2679586, 	19048, 	230, 	230, 	3100732, 	20600, 	356, 	356
3, 	2401624, 	15400, 	291, 	291, 	2676831, 	19048, 	226, 	226, 	3092054, 	20600, 	384, 	384
4, 	2396909, 	15400, 	285, 	285, 	2677883, 	19048, 	273, 	273, 	3105130, 	20600, 	386, 	386
5, 	2397012, 	15400, 	251, 	251, 	2686391, 	19048, 	266, 	266, 	3099628, 	20600, 	338, 	338
6, 	2402311, 	15400, 	277, 	277, 	2683772, 	19048, 	213, 	213, 	3112044, 	20600, 	406, 	406
7, 	2398301, 	15400, 	243, 	243, 	2681433, 	19048, 	212, 	212, 	3091317, 	20600, 	410, 	410
8, 	2399072, 	15400, 	263, 	263, 	2675576, 	19048, 	237, 	237, 	3110469, 	20600, 	393, 	393
9, 	2403777, 	15400, 	271, 	271, 	2677229, 	19048, 	239, 	239, 	3093213, 	20600, 	354, 	354
10, 	2400390, 	15400, 	246, 	246, 	2683320, 	19048, 	270, 	270, 	3105222, 	20600, 	374, 	374
11, 	2404658, 	15400, 	258, 	258, 	2679236, 	19048, 	277, 	277, 	3090970, 	20600, 	329, 	329
12, 	2396742, 	15400, 	245, 	245, 	2677966, 	19048, 	232, 	232, 	3106732, 	20600, 	435, 	435
13, 	2401388, 	15400, 	252, 	252, 	2676323, 	19048, 	255, 	255, 	3095408, 	20600, 	388, 	388
14, 	2399766, 	15400, 	272, 	272, 	2682451, 	19048, 	211, 	211, 	3099844, 	20600, 	342, 	342
15, 	2400040, 	15400, 	272, 	272, 	2673893, 	19048, 	242, 	242, 	3090979, 	20600, 	355, 	355
16, 	2392698, 	15400, 	250, 	251, 	2678372, 	19048, 	303, 	303, 	3109098, 	20600, 	371, 	371
17, 	2400685, 	15400, 	272, 	272, 	2677355, 	19048, 	228, 	228, 	3098523, 	20600, 	362, 	362
18, 	2401244, 	15400, 	248, 	248, 	2681234, 	19048, 	216, 	216, 	3109908, 	20600, 	402, 	402
19, 	2399404, 	15400, 	280, 	280, 	2677446, 	19048, 	222, 	222, 	3101385, 	20600, 	383, 	383
20, 	2397290, 	15400, 	276, 	276, 	2678938, 	19048, 	217, 	217, 	3104462, 	20600, 	347, 	347
21, 	2400203, 	15400, 	319, 	319, 	2672204, 	19048, 	247, 	247, 	3099108, 	20600, 	394, 	394
22, 	2401995, 	15400, 	271, 	271, 	2679994, 	19048, 	259, 	259, 	3105947, 	20600, 	362, 	362
23, 	2399820, 	15400, 	266, 	266, 	2671873, 	19048, 	240, 	240, 	3097113, 	20600, 	371, 	371
24, 	2399499, 	15400, 	258, 	258, 	2672090, 	19048, 	219, 	219, 	3108798, 	20600, 	412, 	412
25, 	2405798, 	15400, 	263, 	263, 	2671077, 	19048, 	216, 	216, 	3098978, 	20600, 	377, 	377
26, 	2396833, 	15400, 	273, 	273, 	2680954, 	19048, 	225, 	225, 	3103651, 	20600, 	368, 	368
27, 	2403636, 	15400, 	313, 	313, 	2666422, 	19048, 	204, 	204, 	3097165, 	20600, 	352, 	352
28, 	2400739, 	15400, 	291, 	291, 	2681051, 	19048, 	238, 	238, 	3111897, 	20600, 	405, 	405
29, 	2394626, 	15400, 	267, 	267, 	2671258, 	19048, 	272, 	272, 	3103753, 	20600, 	357, 	357
30, 	2402332, 	15400, 	260, 	260, 	2677065, 	19048, 	239, 	239, 	3108245, 	20600, 	456, 	456
31, 	2403167, 	15400, 	272, 	272, 	2664259, 	19048, 	221, 	221, 	3095220, 	20600, 	391, 	391
32, 	2399459, 	15400, 	281, 	281, 	2674409, 	19048, 	207, 	207, 	3107540, 	20600, 	349, 	349
33, 	2401184, 	15400, 	278, 	278, 	2661175, 	19048, 	207, 	207, 	3094550, 	20600, 	353, 	353
34, 	2398584, 	15400, 	283, 	283, 	2681471, 	19048, 	243, 	243, 	3104894, 	20600, 	387, 	387
35, 	2394766, 	15400, 	244, 	244, 	2665159, 	19048, 	259, 	259, 	3091772, 	20600, 	383, 	383
36, 	2396749, 	15400, 	263, 	263, 	2681584, 	19048, 	229, 	229, 	3106404, 	20600, 	401, 	401
37, 	2396567, 	15400, 	287, 	287, 	2662098, 	19048, 	231, 	231, 	3095994, 	20600, 	437, 	437
38, 	2399239, 	15400, 	253, 	253, 	2680862, 	19048, 	226, 	226, 	3101845, 	20600, 	383, 	383
39, 	2398675, 	15400, 	303, 	303, 	2661242, 	19048, 	256, 	256, 	3097962, 	20600, 	376, 	376
40, 	2407078, 	15400, 	316, 	316, 	2679396, 	19048, 	250, 	250, 	3112632, 	20600, 	400, 	400
41, 	2395417, 	15400, 	246, 	247, 	2663252, 	19048, 	247, 	247, 	3104373, 	20600, 	370, 	370
42, 	2400943, 	15400, 	265, 	265, 	2686909, 	19048, 	285, 	285, 	3107109, 	20600, 	347, 	347
43, 	2403750, 	15400, 	240, 	240, 	2662543, 	19048, 	217, 	217, 	3100766, 	20600, 	427, 	427
44, 	2397163, 	15400, 	262, 	262, 	2679029, 	19048, 	213, 	213, 	3105370, 	20600, 	393, 	393
45, 	2400314, 	15400, 	273, 	273, 	2658806, 	19048, 	233, 	233, 	3093782, 	20600, 	358, 	358
46, 	2403675, 	15400, 	282, 	282, 	2678474, 	19048, 	221, 	221, 	3100852, 	20600, 	376, 	376
47, 	2404152, 	15400, 	275, 	275, 	2663708, 	19048, 	248, 	248, 	3095345, 	20600, 	349, 	349
48, 	2394443, 	15400, 	264, 	264, 	2683752, 	19048, 	246, 	246, 	3101584, 	20600, 	364, 	364
49, 	2400714, 	15400, 	244, 	244, 	2662529, 	19048, 	237, 	237, 	3094636, 	20600, 	397, 	397
50, 	2398115, 	15400, 	250, 	250, 	2678347, 	19048, 	255, 	255, 	3107311, 	20600, 	403, 	403
51, 	2396363, 	15400, 	250, 	250, 	2660823, 	19048, 	224, 	224, 	3097828, 	20600, 	376, 	376
52, 	2402316, 	15400, 	280, 	280, 	2677980, 	19048, 	239, 	239, 	3104257, 	20600, 	390, 	390
53, 	2399784, 	15400, 	255, 	255, 	2666446, 	19048, 	269, 	269, 	3107312, 	20600, 	368, 	368
54, 	2396851, 	15400, 	245, 	245, 	2677288, 	19048, 	234, 	234, 	3111030, 	20600, 	364, 	364
55, 	2399464, 	15400, 	247, 	247, 	2660831, 	19048, 	220, 	220, 	3106787, 	20600, 	405, 	405
56, 	2400416, 	15400, 	256, 	256, 	2678754, 	19048, 	233, 	233, 	3105772, 	20600, 	402, 	402
57, 	2403822, 	15400, 	264, 	264, 	2662742, 	19048, 	242, 	242, 	3098120, 	20600, 	390, 	390
58, 	2399982, 	15400, 	287, 	287, 	2673587, 	19048, 	230, 	230, 	3109452, 	20600, 	402, 	402
59, 	2399704, 	15400, 	242, 	242, 	2665424, 	19048, 	260, 	260, 	3108012, 	20600, 	380, 	380
60, 	2398833, 	15400, 	241, 	241, 	2679032, 	19048, 	245, 	245, 	3106690, 	20600, 	364, 	364
61, 	2403263, 	15400, 	279, 	279, 	2661507, 	19048, 	243, 	243, 	3104839, 	20600, 	412, 	412
62, 	2401794, 	15400, 	264, 	264, 	2678607, 	19048, 	261, 	261, 	3109204, 	20600, 	394, 	394
63, 	2398077, 	15400, 	301, 	301, 	2661806, 	19048, 	238, 	238, 	3108314, 	20600, 	370, 	370
64, 	2401373, 	15400, 	319, 	319, 	2674298, 	19048, 	244, 	244, 	3103536, 	20600, 	349, 	349
65, 	2392642, 	15400, 	224, 	225, 	2664417, 	19048, 	246, 	246, 	3108371, 	20600, 	338, 	338
66, 	2398077, 	15400, 	236, 	236, 	2679124, 	19048, 	256, 	256, 	3105167, 	20600, 	360, 	360
67, 	2394489, 	15400, 	253, 	253, 	2663415, 	19048, 	206, 	206, 	3110360, 	20600, 	377, 	377
68, 	2400790, 	15400, 	253, 	253, 	2675616, 	19048, 	223, 	223, 	3108055, 	20600, 	397, 	397
69, 	2397758, 	15400, 	277, 	277, 	2661383, 	19048, 	248, 	248, 	3101007, 	20600, 	320, 	320
70, 	2401377, 	15400, 	300, 	300, 	2677569, 	19048, 	229, 	229, 	3102645, 	20600, 	354, 	354
71, 	2401389, 	15400, 	316, 	316, 	2663724, 	19048, 	227, 	227, 	3103429, 	20600, 	353, 	353
72, 	2398875, 	15400, 	255, 	256, 	2681403, 	19048, 	256, 	256, 	3103745, 	20600, 	346, 	346
73, 	2401488, 	15400, 	253, 	253, 	2661565, 	19048, 	242, 	242, 	3110614, 	20600, 	385, 	385
74, 	2398114, 	15400, 	258, 	258, 	2678651, 	19048, 	252, 	252, 	3108627, 	20600, 	427, 	427
75, 	2395398, 	15400, 	264, 	264, 	2665947, 	19048, 	216, 	216, 	3104701, 	20600, 	329, 	329
76, 	2399497, 	15400, 	295, 	295, 	2675471, 	19048, 	229, 	229, 	3112563, 	20600, 	388, 	388
77, 	2399142, 	15400, 	282, 	282, 	2669564, 	19048, 	251, 	251, 	3110090, 	20600, 	377, 	377
78, 	2398710, 	15400, 	225, 	226, 	2680000, 	19048, 	267, 	267, 	3098348, 	20600, 	378, 	378
79, 	2399805, 	15400, 	277, 	277, 	2667145, 	19048, 	263, 	263, 	3106758, 	20600, 	339, 	339
80, 	2400103, 	15400, 	260, 	260, 	2677513, 	19048, 	220, 	220, 	3110108, 	20600, 	381, 	381
81, 	2397975, 	15400, 	300, 	300, 	2667737, 	19048, 	211, 	211, 	3103077, 	20600, 	346, 	346
82, 	2402334, 	15400, 	275, 	275, 	2677900, 	19048, 	232, 	232, 	3102932, 	20600, 	368, 	368
83, 	2391325, 	15400, 	304, 	304, 	2669825, 	19048, 	237, 	237, 	3105373, 	20600, 	385, 	385
84, 	2397059, 	15400, 	268, 	269, 	2676157, 	19048, 	267, 	267, 	3100362, 	20600, 	362, 	362
85, 	2395457, 	15400, 	259, 	259, 	2673164, 	19048, 	255, 	255, 	3104221, 	20600, 	357, 	357
86, 	2398372, 	15400, 	280, 	280, 	2683622, 	19048, 	255, 	255, 	3102830, 	20600, 	408, 	408
87, 	2389695, 	15400, 	259, 	259, 	2670806, 	19048, 	222, 	222, 	3106976, 	20600, 	416, 	416
88, 	2396988, 	15400, 	245, 	245, 	2675548, 	19048, 	214, 	214, 	3101876, 	20600, 	352, 	352
89, 	2391345, 	15400, 	295, 	295, 	2676146, 	19048, 	243, 	243, 	3107467, 	20600, 	347, 	347
90, 	2392101, 	15400, 	245, 	245, 	2676137, 	19048, 	265, 	265, 	3106241, 	20600, 	385, 	385
91, 	2387673, 	15400, 	246, 	246, 	2674838, 	19048, 	270, 	270, 	3105613, 	20600, 	414, 	414
92, 	2400757, 	15400, 	283, 	283, 	2675946, 	19048, 	233, 	233, 	3106178, 	20600, 	412, 	412
93, 	2383761, 	15400, 	291, 	291, 	2672053, 	19048, 	260, 	260, 	3103513, 	20600, 	386, 	386
94, 	2397214, 	15400, 	286, 	286, 	2681532, 	19048, 	242, 	242, 	3099879, 	20600, 	375, 	375
95, 	2385699, 	15400, 	279, 	279, 	2675277, 	19048, 	224, 	224, 	3107295, 	20600, 	355, 	355
96, 	2401901, 	15400, 	269, 	269, 	2678699, 	19048, 	256, 	256, 	3108699, 	20600, 	377, 	377
97, 	2382794, 	15400, 	241, 	241, 	2675641, 	19048, 	252, 	252, 	3107187, 	20600, 	412, 	412
98, 	2399794, 	15400, 	266, 	266, 	2674930, 	19048, 	225, 	225, 	3104462, 	20600, 	411, 	411
99, 	2383390, 	15400, 	266, 	266, 	2672950, 	19048, 	221, 	221, 	3109165, 	20600, 	387, 	387
returned: 0